GEMSz033242.45m275025.3 77559860000.0 0.564 1
GEMSz033238.59m274631.4 11093530000.0 0.567 1
GEMSz033245.64m274405.8 29223460000.0 0.566 1
GEMSz033243.21m274457.0 50592250000.0 0.555 1
GEMSz033236.16m274931.8 34398750000.0 0.56 1
GEMSz033224.60m274851.3 15213200000.0 0.561 1
GEMSz033225.73m274936.3 121338400000.0 0.581 1
GEMSz033232.96m274541.5 19795660000.0 0.568 1
GEMSz033217.37m274307.1 10766110000.0 0.573 1
GEMSz033217.15m274303.1 24471260000.0 0.583 1
GEMSz033230.43m275304.0 42625190000.0 0.578 1
GEMSz033223.69m275324.4 46622630000.0 0.562 1
GEMSz033219.68m275023.4 18494240000.0 0.559 1
GEMSz033214.32m274713.0 19004030000.0 0.57 1
GEMSz033211.51m274712.9 14775910000.0 0.594 1
GEMSz033204.04m274308.2 28198730000.0 0.575 1
GEMSz033327.71m280120.3 18865550000.0 0.571 1
GEMSz033213.62m280101.0 37351800000.0 0.591 1
GEMSz033212.42m280101.7 29884490000.0 0.571 1
GEMSz033148.16m280100.2 169578900000.0 0.561 1
GEMSz033315.88m275841.0 44891750000.0 0.585 1
GEMSz033251.79m275956.3 20058470000.0 0.553 1
GEMSz033246.42m275732.8 15058620000.0 0.583 1
GEMSz033237.16m280018.9 85834490000.0 0.583 1
GEMSz033231.42m275726.3 51953370000.0 0.579 1
GEMSz033206.58m275857.9 11099290000.0 0.566 1
GEMSz033321.50m275644.4 40586660000.0 0.558 1
GEMSz033316.73m275630.1 92709170000.0 0.573 1
GEMSz033306.29m275643.4 12117210000.0 0.56 1
GEMSz033249.34m275427.2 26324260000.0 0.555 1
GEMSz033220.23m275645.9 63868930000.0 0.587 1
GEMSz033220.00m275628.0 26597270000.0 0.564 1
GEMSz033154.86m275542.0 27643650000.0 0.593 1
GEMSz033202.12m275337.9 17969670000.0 0.597 1
GEMSz033149.08m275328.0 12539340000.0 0.575 1
GEMSz033156.36m275131.5 48219950000.0 0.571 1
GEMSz033149.52m275059.6 19614000000.0 0.572 1
GEMSz033132.78m275218.3 81947870000.0 0.564 1
GEMSz033145.80m275125.2 20835840000.0 0.56 1
GEMSz033318.47m275353.5 20638500000.0 0.552 1
GEMSz033313.59m274802.8 19884920000.0 0.587 1
GEMSz033302.07m274954.3 39770420000.0 0.574 1
GEMSz033259.62m274843.3 14863650000.0 0.599 1
GEMSz033152.51m275027.4 13611640000.0 0.568 1
GEMSz033134.62m274853.5 16052020000.0 0.578 1
GEMSz033316.78m274534.2 95871450000.0 0.559 1
GEMSz033306.68m274706.6 30017180000.0 0.556 1
GEMSz033305.29m274431.8 88226530000.0 0.575 1
GEMSz033258.60m274719.6 13408860000.0 0.592 1
GEMSz033203.66m274603.6 100460700000.0 0.586 1
GEMSz033203.22m274528.7 19021720000.0 0.565 1
GEMSz033158.70m274500.2 106879700000.0 0.557 1
GEMSz033147.31m274622.6 36752970000.0 0.566 1
GEMSz033140.09m274553.3 12236700000.0 0.594 1
GEMSz033137.19m274459.7 22231560000.0 0.574 1
GEMSz033151.57m274417.3 15252470000.0 0.579 1
GEMSz033133.18m274722.5 29580790000.0 0.571 1
GEMSz033122.40m274457.3 16424780000.0 0.568 1
GEMSz033306.85m274205.5 46063880000.0 0.563 1
GEMSz033239.82m275652.8 19323630000.0 0.563 1
GEMSz033149.69m274326.2 98904450000.0 0.598 1
GEMSz033149.25m274327.7 17888520000.0 0.587 1
GEMSz033256.23m273932.7 174122600000.0 0.553 1
GEMSz033253.19m273902.4 19590000000.0 0.599 1
GEMSz033209.26m273824.1 149802500000.0 0.551 1
GEMSz033207.34m273825.2 34078880000.0 0.559 1
GEMSz033150.78m273915.9 99375330000.0 0.563 1
GEMSz033237.89m273549.8 149135100000.0 0.565 1
GEMSz033223.19m273659.1 28933470000.0 0.565 1
GEMSz033230.90m273433.8 13783270000.0 0.561 1
GEMSz033153.60m273658.2 54207320000.0 0.553 1
GEMSz033154.49m273541.8 13979750000.0 0.577 1
GEMSz033148.02m273505.2 16435710000.0 0.555 1
GEMSz033140.11m273544.3 61979550000.0 0.565 1
GEMSz033137.22m273509.7 14771760000.0 0.582 1
GEMSz033134.94m273443.0 35601860000.0 0.564 1
GEMSz033132.23m273623.7 11274550000.0 0.557 1
