             125.0              134.0 GEMSz033242.45m275025.3             2968.9             6565.3    s1v02A_sci.fits    s1z02A_sci.fits              0.564              19.95      77559860000.0           7.453409                  1           8.205628
            5739.0             6013.0 GEMSz033252.32m274151.6             1732.6             4884.8 h_gems_s43_mk1.fits h_gems_z43_mk1.fits              0.552             21.879       9352071000.0           1.423711                  1           14.70121
            4928.0             5161.0 GEMSz033312.55m274634.1             1687.9             2143.1    s9v36A_sci.fits h_gems_z36_mk1.fits              0.558             21.891       6483521000.0           1.511937                  1           14.74293
            7641.0             8043.0 GEMSz033134.94m273443.0             5915.1             6425.9    s9v62A_sci.fits h_gems_z62_mk1.fits              0.564             20.468      35601860000.0           4.734635                  1           11.75358
            6588.0             6918.0 GEMSz033225.05m273822.1             3120.5             5409.4 h_gems_s52_mk1.fits h_gems_z52_mk1.fits               0.61             23.226       8985622000.0          0.3230101                  1           16.38094
            7095.0             7458.0 GEMSz033245.88m273457.6             6423.4             5651.6    s9v57A_sci.fits h_gems_z57_mk1.fits              0.476             19.298      85124550000.0           7.023014                  1           9.964316
            3892.0             4073.0 GEMSz033310.04m275043.2             2432.3             6770.5 h_gems_s25_mk1.fits h_gems_z25_mk1.fits              0.526             20.371      13865340000.0           5.652209                  1           11.52623
            3277.0             3430.0 GEMSz033309.33m275600.5             2406.8             2739.9    s9v19A_sci.fits    s9z19A_sci.fits              0.615             21.724      39600200000.0           1.363371                  1           15.97657
            5335.0             5594.0 GEMSz033125.00m274704.7             5671.0             1146.7 h_gems_s40_mk1.fits h_gems_z40_mk1.fits               0.51             20.691       9105564000.0            3.72461                  1           13.61916
            7324.0             7699.0 GEMSz033226.42m273434.1             2413.2             6459.4    s9v59A_sci.fits h_gems_z59_mk1.fits               0.62             21.911      54200820000.0           0.637675                  1           17.77897
             947.0              984.0 GEMSz033230.14m275305.9             6076.8              521.0    s1v12A_sci.fits    s1z12A_sci.fits              0.612             21.451       8367325000.0           4.479191                  1           14.34546
            7223.0             7590.0 GEMSz033231.73m273439.7              547.9             6439.2 h_gems_s58_mk1.fits h_gems_z58_mk1.fits              0.615             20.423      23011250000.0           7.639522                  1           11.22933
            2511.0             2624.0 GEMSz033251.79m275956.3             3776.9             1455.7    s9v12A_sci.fits    s9z12A_sci.fits              0.553             22.281      20058470000.0          0.4133082                  1           18.54045
            4381.0             4581.0 GEMSz033302.07m274954.3             2767.6             1895.3    s9v31A_sci.fits h_gems_z31_mk1.fits              0.574             21.001      39770420000.0           2.382536                  1           16.72579
            6267.0             6572.0 GEMSz033304.06m274016.2             5124.0             1689.5    s9v49A_sci.fits h_gems_z49_mk1.fits              0.526             19.995      16203970000.0           8.269933                  1           11.73805
            4570.0             4783.0 GEMSz033147.65m275013.6             2828.6             1396.6    s9v33A_sci.fits h_gems_z33_mk1.fits              0.542             21.089      31483730000.0           1.816933                  1           18.98322
            5640.0             5906.0 GEMSz033306.85m274205.5             1752.4             4539.1    s9v42A_sci.fits h_gems_z42_mk1.fits              0.563             21.551      46063880000.0          0.6932653                  1           20.30966
             778.0              810.0 GEMSz033225.17m274218.6             4293.2             1665.0   h_goods_s10.fits    s1z10A_sci.fits              0.613             22.928      10405330000.0          0.5124792                  1           20.98223
            1949.0             2033.0 GEMSz033212.42m280101.7             1393.6             2216.2    s9v06A_sci.fits    s9z06A_sci.fits              0.571             22.211      29884490000.0          0.3567506                  1           21.24909
            3649.0             3814.0 GEMSz033141.79m275635.2             5037.9             1580.6    s9v23A_sci.fits h_gems_z23_mk1.fits              0.513              20.17      67950890000.0           2.922904                  1           19.20404
             577.0              603.0 GEMSz033236.16m274931.8             6672.8             2042.7    s1v08A_sci.fits    s1z08A_sci.fits               0.56             21.027      34398750000.0           2.304197                  1           23.22718
            7164.0             7530.0 GEMSz033237.89m273549.8             2876.3             3705.6    s9v58A_sci.fits h_gems_z58_mk1.fits              0.565             19.821     149135100000.0           5.370399                  1           20.64336
            1209.0             1257.0 GEMSz033211.51m274712.9             5052.3             4254.0    s1v14A_sci.fits    s1z14A_sci.fits              0.594             21.875      14775910000.0           1.356909                  1           27.23717
            3796.0             3973.0 GEMSz033311.88m275346.8             1606.3              652.1    s9v25A_sci.fits h_gems_z25_mk1.fits              0.539              20.13      59189980000.0            5.27398                  1           23.68658
            1250.0             1298.0 GEMSz033213.25m274240.7             3178.9              392.2    s1v15A_sci.fits    s1z15A_sci.fits              0.609             20.219      49866250000.0           9.228555                  1           26.44186
            5078.0             5321.0 GEMSz033251.84m274436.7             4440.3             5869.6    s9v37A_sci.fits h_gems_z37_mk1.fits              0.523             19.587     130689700000.0           6.092509                  1            30.8551
            5978.0             6264.0 GEMSz033149.69m274326.2             1160.1             1872.4    s9v46A_sci.fits h_gems_z46_mk1.fits              0.598             20.461      98904450000.0           3.771589                  1           37.21002
            1869.0             1950.0 GEMSz033227.13m280124.3             1979.8             5018.8 h_gems_s05_mk1.fits h_gems_z05_mk1.fits              0.539             19.903      23938470000.0           9.494692                  1           42.40678
            6650.0             6987.0 GEMSz033216.20m273930.2              633.1             3447.4 h_gems_s53_mk1.fits h_gems_z53_mk1.fits              0.515             19.867      16685540000.0           13.24592                  1           39.25843
             835.0              868.0 GEMSz033217.15m274303.1             4480.4             5509.3   h_goods_s10.fits    s1z10A_sci.fits              0.583             21.125      24471260000.0            3.04649                  1           51.06402
