             690.0              718.0 GEMSz033227.59m274603.2             5298.3             3259.4    s1v09A_sci.fits    s1z09A_sci.fits              0.603             21.257      62040250000.0           1.559732                  1           10.14892
            3423.0             3578.0 GEMSz033220.23m275645.9              880.9             1442.2    s9v21A_sci.fits    s9z21A_sci.fits              0.587              20.85      63868930000.0           2.604295                  1           11.10555
            3649.0             3814.0 GEMSz033141.79m275635.2             5037.9             1580.6    s9v23A_sci.fits h_gems_z23_mk1.fits              0.513              20.17      67950890000.0           2.922904                  1           19.20404
            2547.0             2661.0 GEMSz033245.71m275841.6             6465.2             3938.9    s9v12A_sci.fits    s9z12A_sci.fits              0.602             21.216      70970670000.0           1.354286                  1           2.983934
            3452.0             3607.0 GEMSz033210.77m275601.2             5061.9             2925.0    s9v21A_sci.fits h_gems_z21_mk1.fits              0.519             20.137      71985030000.0           3.620071                  1           4.259181
            6401.0             6716.0 GEMSz033256.56m273850.4             2026.1             4443.4    s9v50A_sci.fits h_gems_z50_mk1.fits              0.496             20.397      72115370000.0           1.587745                  1           5.342268
            7738.0             8145.0 GEMSz033118.43m273509.7             6788.5             5361.5    s9v63A_sci.fits h_gems_z63_mk1.fits              0.475             19.728      75337100000.0           3.440095                  1           7.872585
            3850.0             4029.0 GEMSz033305.38m275147.4             4484.5             4626.1    s9v25A_sci.fits h_gems_z25_mk1.fits              0.534             20.183      76497820000.0           2.879159                  1           6.552949
             125.0              134.0 GEMSz033242.45m275025.3             2968.9             6565.3    s1v02A_sci.fits    s1z02A_sci.fits              0.564              19.95      77559860000.0           7.453409                  1           8.205628
            4109.0             4299.0 GEMSz033132.78m275218.3             6788.5             3727.7    s9v28A_sci.fits h_gems_z28_mk1.fits              0.564              20.33      81947870000.0           4.192356                  1           7.466106
            7095.0             7458.0 GEMSz033245.88m273457.6             6423.4             5651.6    s9v57A_sci.fits h_gems_z57_mk1.fits              0.476             19.298      85124550000.0           7.023014                  1           9.964316
            3416.0             3570.0 GEMSz033219.07m275655.5             1390.1             1119.7    s9v21A_sci.fits    s9z21A_sci.fits              0.617             20.822      85240060000.0           2.741218                  1           6.316257
            2592.0             2707.0 GEMSz033237.16m280018.9             3828.1              703.8    s9v13A_sci.fits    s9z13A_sci.fits              0.583             20.956      85834490000.0           1.503831                  1           4.601451
            5005.0             5240.0 GEMSz033305.29m274431.8             4909.0             6211.8    s9v36A_sci.fits h_gems_z36_mk1.fits              0.575             20.832      88226530000.0           1.913516                  1           5.216596
            3168.0             3313.0 GEMSz033316.73m275630.1             5519.8             1724.1    s9v18A_sci.fits    s9z18A_sci.fits              0.573             20.971      92709170000.0           1.027219                  1           10.03455
            4856.0             5081.0 GEMSz033316.78m274534.2             6216.2             4169.1    s9v35A_sci.fits h_gems_z35_mk1.fits              0.559             20.855      95871450000.0           1.157508                  1           2.727909
            5978.0             6264.0 GEMSz033149.69m274326.2             1160.1             1872.4    s9v46A_sci.fits h_gems_z46_mk1.fits              0.598             20.461      98904450000.0           3.771589                  1           37.21002
            6776.0             7117.0 GEMSz033150.78m273915.9             5466.7             3804.2    s9v54A_sci.fits h_gems_z54_mk1.fits              0.563             20.624      99375330000.0           2.072793                  1           4.742666
            7292.0             7665.0 GEMSz033221.26m273505.9             4698.1             5392.7    s9v59A_sci.fits h_gems_z59_mk1.fits              0.481              20.15      99780580000.0           1.045823                  1           3.295411
            5148.0             5397.0 GEMSz033203.66m274603.6             1416.0             3201.8    s9v38A_sci.fits h_gems_z38_mk1.fits              0.586             20.837     100460700000.0           1.215125                  1           4.193582
            5179.0             5430.0 GEMSz033158.70m274500.2             3614.8             5308.6    s9v38A_sci.fits h_gems_z38_mk1.fits              0.557             20.143     106879700000.0           4.343791                  1           1.719619
            1873.0             1954.0 GEMSz033224.30m280114.3             3229.3             5349.3    s9v05A_sci.fits h_gems_z05_mk1.fits              0.543             21.031     107321300000.0          0.6953357                  1           1.647438
             629.0              656.0 GEMSz033225.73m274936.3             5249.1             6431.0    s1v08A_sci.fits    s1z08A_sci.fits              0.581             20.582     121338400000.0           1.649313                  1           2.340192
             213.0              226.0 GEMSz033239.15m274844.6             5743.8             6777.7    s1v03A_sci.fits   h_goods_z03.fits              0.472             19.794     128312000000.0           1.446318                  1           3.364613
            5078.0             5321.0 GEMSz033251.84m274436.7             4440.3             5869.6    s9v37A_sci.fits h_gems_z37_mk1.fits              0.523             19.587     130689700000.0           6.092509                  1            30.8551
            7164.0             7530.0 GEMSz033237.89m273549.8             2876.3             3705.6    s9v58A_sci.fits h_gems_z58_mk1.fits              0.565             19.821     149135100000.0           5.370399                  1           20.64336
            6677.0             7016.0 GEMSz033209.26m273824.1             3710.2             5647.1    s9v53A_sci.fits h_gems_z53_mk1.fits              0.551              20.04     149802500000.0           3.211693                  1           6.889564
            2089.0             2180.0 GEMSz033148.16m280100.2             6562.1             5796.8    s9v07A_sci.fits    s9z07A_sci.fits              0.561             19.929     169578900000.0            3.65065                  1           3.955794
            6378.0             6692.0 GEMSz033256.23m273932.7             2172.4             3032.6    s9v50A_sci.fits h_gems_z50_mk1.fits              0.553             20.149     174122600000.0           2.101413                  1           4.396966
            3835.0             4013.0 GEMSz033305.66m275214.1             4359.1             3734.8    s9v25A_sci.fits h_gems_z25_mk1.fits              0.524             19.691     212406100000.0           2.156814                  1           6.514602
